function C = soundspeedocean(S, T, z)

C = 1448.96 + 4.591 * T + 0.0002374 * (T .^ 3) + 0.0160 * z;
C = C + (1.340 - 0.01025 * T) .* (S - 35) + (1.675e-7) * (z .^ 2);
C = C - (7.139e-13) .* T .* (z .^ 3);
end